     02050021
     02150001
     02150010
     02150017
           ar
         SBAU
     02148041
     02148061
     02148079
         SBAQ
        83722
        86865
         SBBU
     02246028
     02247041
     02247042
     02247046
        83721
           cs
         SBKP
     02047016
     02047017
     02047101
        83630
        86818
           fr
     02247027
     02247226
     02247032
     02247040
     02247094
     02247208
        86868
           pi
     02251066
        83616
        86863
           pu
         SBDN
     02147006
     02147013
        83652
           rp
         SBRP
     02247018
     02247020
     02147031
     02147059
     02247109
     02247182
     02247206
        83726
        86845
     02049024
           rt
         SBSR
     02347059
        83851
